Total files: 8156
Moved files: 138
Total sequences before moving: 91798
Total sequences after moving: 73400
Number of files with specific sequence counts:
1,364
2,330
3,228
4,213
5,212
6,205
7,199
8,194
9,184
10,184
11,184
12,183
13,182
14,180
15,176
16,174
17,172
18,170
19,170
20,165
21,164
22,163
23,162
24,162
25,160
26,159
27,157
28,153
29,153
30,153
31,152
32,152
33,151
34,147
35,146
36,146
37,145
38,145
39,143
40,143
41,141
42,139
43,137
44,136
45,136
46,135
47,135
48,134
49,133
50,133
51,132
52,131
53,131
54,130
55,130
56,128
57,128
58,127
59,126
60,126
61,125
62,125
63,125
64,124
65,124
66,123
67,123
68,123
69,123
70,122
71,122
72,121
73,121
74,121
75,120
76,120
77,120
78,119
79,118
80,116
81,116
82,116
83,115
84,115
85,115
86,115
87,115
88,114
89,114
90,114
91,113
92,113
93,111
94,110
95,110
96,109
97,109
98,109
99,109
100,108
101,107
102,107
103,107
104,107
105,107
106,107
107,106
108,106
109,105
110,105
111,105
112,105
113,105
114,105
115,105
116,105
117,105
118,104
119,104
120,104
121,104
122,103
123,103
124,103
125,103
126,103
127,102
128,102
129,101
130,101
131,101
132,101
133,101
134,101
135,100
136,100
137,100
138,100
139,99
140,99
141,99
142,99
143,98
144,98
145,98
146,98
147,97
148,97
149,96
150,96
151,96
152,96
153,96
154,95
155,95
156,95
157,95
158,95
159,95
160,94
161,94
162,94
163,94
164,94
165,94
166,94
167,93
168,93
169,93
170,93
171,93
172,92
173,92
174,92
175,92
176,91
177,91
178,91
179,91
180,91
181,91
182,90
183,90
184,90
185,89
186,89
187,89
188,89
189,88
190,88
191,88
192,88
193,88
194,87
195,87
196,87
197,86
198,86
199,86
200,86
201,86
202,85
203,85
204,85
205,85
206,85
207,85
208,85
209,85
210,85
211,85
212,85
213,84
214,84
215,84
216,84
217,84
218,84
219,84
220,83
221,83
222,82
223,82
224,82
225,82
226,81
227,81
228,81
229,81
230,81
231,81
232,80
233,80
234,80
235,80
236,80
237,80
238,79
239,79
240,79
241,79
242,78
243,78
244,78
245,78
246,78
247,77
248,77
249,77
250,77
251,76
252,76
253,76
254,76
255,76
256,76
257,76
258,75
259,75
260,75
261,75
262,75
263,75
264,74
265,74
266,74
267,74
268,74
269,74
270,74
271,74
272,73
273,73
274,72
275,72
276,72
277,72
278,72
279,72
280,72
281,72
282,72
283,72
284,71
285,71
286,71
287,71
288,71
289,71
290,70
291,70
292,70
293,70
294,70
295,70
296,69
297,69
298,69
299,69
300,69
301,69
302,69
303,68
304,68
305,68
306,68
307,68
308,68
309,68
310,67
311,67
312,67
313,67
314,67
315,67
316,67
317,67
318,66
319,66
320,66
321,66
322,66
323,66
324,66
325,66
326,65
327,65
328,65
329,65
330,65
331,65
332,65
333,64
334,64
335,64
336,64
337,64
338,64
339,64
340,64
341,64
342,64
343,64
344,64
345,63
346,63
347,63
348,63
349,63
350,63
351,63
352,63
353,63
354,63
355,62
356,62
357,62
358,62
359,62
360,62
361,62
362,62
363,62
364,62
365,62
366,62
367,61
368,61
369,61
370,61
371,61
372,61
373,61
374,60
375,60
376,60
377,60
378,60
379,60
380,60
381,59
382,59
383,59
384,59
385,59
386,58
387,58
388,58
389,58
390,58
391,58
392,58
393,58
394,58
395,58
396,58
397,58
398,58
399,58
400,57
401,57
402,57
403,57
404,57
405,56
406,56
407,56
408,56
409,56
410,56
411,56
412,56
413,56
414,56
415,56
416,56
417,55
418,55
419,55
420,55
421,55
422,55
423,55
424,55
425,55
426,55
427,55
428,55
429,55
430,55
431,54
432,54
433,54
434,54
435,54
436,54
437,54
438,54
439,54
440,54
441,54
442,54
443,53
444,53
445,53
446,53
447,53
448,53
449,53
450,53
451,53
452,53
453,53
454,52
455,52
456,52
457,52
458,52
459,52
460,52
461,52
462,52
463,52
464,52
465,52
466,52
467,52
468,52
469,52
470,52
471,52
472,51
473,51
474,51
475,51
476,51
477,51
478,51
479,51
480,51
481,51
482,51
483,50
484,50
485,50
486,50
487,50
488,50
489,50
490,50
491,50
492,50
493,50
494,50
495,50
496,50
497,50
498,50
499,50
500,49
501,49
502,49
503,49
504,49
505,49
506,49
507,49
508,49
509,49
510,49
511,49
512,49
513,49
514,49
515,49
516,49
517,49
518,48
519,48
520,48
521,48
522,48
523,48
524,48
525,48
526,48
527,48
528,48
529,48
530,47
531,47
532,47
533,47
534,47
535,47
536,47
537,46
538,46
539,46
540,46
541,46
542,46
543,46
544,46
545,46
546,46
547,46
548,46
549,46
550,46
551,46
552,46
553,46
554,46
555,46
556,45
557,45
558,45
559,45
560,45
561,45
562,45
563,45
564,45
565,45
566,44
567,44
568,44
569,44
570,44
571,44
572,44
573,44
574,44
575,44
576,44
577,44
578,44
579,44
580,44
581,43
582,43
583,43
584,43
585,43
586,43
587,43
588,43
589,43
590,43
591,43
592,43
593,43
594,43
595,43
596,43
597,43
598,42
599,42
600,42
601,42
602,42
603,42
604,42
605,42
606,42
607,42
608,42
609,42
610,42
611,42
612,42
613,41
614,41
615,41
616,41
617,41
618,41
619,41
620,41
621,41
622,41
623,41
624,41
625,41
626,41
627,41
628,40
629,40
630,40
631,40
632,40
633,40
634,40
635,40
636,40
637,40
638,40
639,40
640,40
641,39
642,39
643,39
644,39
645,39
646,39
647,39
648,39
649,39
650,39
651,39
652,39
653,39
654,39
655,39
656,39
657,39
658,39
659,38
660,38
661,38
662,38
663,38
664,38
665,38
666,38
667,38
668,38
669,38
670,38
671,38
672,38
673,38
674,38
675,38
676,37
677,37
678,37
679,37
680,37
681,37
682,37
683,36
684,36
685,36
686,36
687,36
688,36
689,36
690,36
691,36
692,35
693,35
694,35
695,35
696,35
697,35
698,35
699,34
700,34
701,34
702,34
703,34
704,34
705,34
706,34
707,34
708,34
709,34
710,34
711,34
712,34
713,34
714,34
715,34
716,34
717,34
718,33
719,33
720,33
721,33
722,33
723,33
724,33
725,33
726,33
727,33
728,33
729,33
730,33
731,33
732,33
733,33
734,32
735,32
736,32
737,32
738,32
739,32
740,32
741,32
742,32
743,32
744,32
745,32
746,32
747,32
748,32
749,32
750,32
751,32
752,32
753,32
754,32
755,32
756,32
757,32
758,32
759,32
760,31
761,31
762,31
763,31
764,31
765,31
766,31
767,31
768,31
769,31
770,31
771,31
772,31
773,30
774,30
775,30
776,30
777,30
778,30
779,30
780,30
781,30
782,30
783,30
784,30
785,30
786,30
787,30
788,30
789,30
790,30
791,30
792,30
793,30
794,30
795,30
796,30
797,30
798,30
799,30
800,29
801,29
802,29
803,29
804,29
805,29
806,29
807,29
808,29
809,29
810,29
811,29
812,29
813,29
814,29
815,29
816,29
817,29
818,29
819,29
820,28
821,28
822,28
823,28
824,28
825,28
826,28
827,28
828,28
829,28
830,28
831,28
832,28
833,28
834,28
835,28
836,28
837,28
838,28
839,28
840,28
841,28
842,28
843,28
844,28
845,28
846,28
847,28
848,28
849,28
850,28
851,28
852,28
853,28
854,28
855,27
856,27
857,27
858,27
859,27
860,27
861,27
862,27
863,27
864,27
865,27
866,27
867,27
868,27
869,27
870,27
871,27
872,26
873,26
874,26
875,26
876,26
877,26
878,26
879,26
880,26
881,26
882,26
883,26
884,26
885,26
886,26
887,26
888,26
889,26
890,26
891,26
892,26
893,26
894,26
895,26
896,26
897,26
898,26
899,26
900,26
901,26
902,26
903,26
904,26
905,26
906,26
907,26
908,26
909,26
910,25
911,25
912,25
913,25
914,25
915,25
916,25
917,25
918,25
919,25
920,25
921,25
922,25
923,25
924,25
925,25
926,25
927,25
928,25
929,25
930,25
931,25
932,25
933,25
934,25
935,25
936,25
937,25
938,24
939,24
940,24
941,24
942,24
943,24
944,24
945,24
946,24
947,24
948,24
949,24
950,24
951,24
952,24
953,24
954,24
955,24
956,24
957,24
958,24
959,24
960,24
961,24
962,24
963,24
964,24
965,24
966,24
967,24
968,24
969,24
970,24
971,24
972,24
973,24
974,24
975,24
976,24
977,24
978,24
979,24
980,24
981,24
982,24
983,23
984,23
985,23
986,23
987,23
988,23
989,23
990,23
991,23
992,23
993,23
994,23
995,23
996,23
997,23
998,23
999,23
1000,23
1001,22
1002,22
1003,22
1004,22
1005,22
1006,22
1007,22
1008,22
1009,22
1010,22
1011,22
1012,22
1013,22
1014,22
1015,22
1016,22
1017,22
1018,22
1019,22
1020,22
1021,22
1022,22
1023,22
1024,22
1025,22
1026,22
1027,22
1028,22
1029,22
1030,22
1031,22
1032,22
1033,22
1034,22
1035,22
1036,22
1037,22
1038,22
1039,22
1040,22
1041,22
1042,22
1043,22
1044,22
1045,22
1046,22
1047,22
1048,22
1049,22
1050,21
1051,21
1052,21
1053,21
1054,21
1055,21
1056,21
1057,21
1058,21
1059,21
1060,21
1061,21
1062,21
1063,21
1064,21
1065,21
1066,21
1067,21
1068,21
1069,21
1070,21
1071,21
1072,21
1073,21
1074,21
1075,21
1076,20
1077,20
1078,20
1079,20
1080,20
1081,20
1082,20
1083,20
1084,20
1085,20
1086,20
1087,20
1088,20
1089,20
1090,20
1091,20
1092,20
1093,20
1094,20
1095,20
1096,20
1097,20
1098,20
1099,20
1100,20
1101,20
1102,20
1103,20
1104,20
1105,20
1106,20
1107,20
1108,20
1109,20
1110,20
1111,20
1112,20
1113,20
1114,20
1115,20
1116,20
1117,20
1118,20
1119,20
1120,20
1121,20
1122,20
1123,20
1124,20
1125,20
1126,20
1127,20
1128,20
1129,20
1130,20
1131,20
1132,20
1133,20
1134,19
1135,19
1136,19
1137,19
1138,19
1139,19
1140,19
1141,19
1142,19
1143,19
1144,19
1145,19
1146,19
1147,19
1148,19
1149,19
1150,19
1151,19
1152,19
1153,19
1154,19
1155,19
1156,18
1157,18
1158,18
1159,18
1160,18
1161,18
1162,18
1163,18
1164,18
1165,18
1166,18
1167,18
1168,18
1169,18
1170,18
1171,18
1172,18
1173,18
1174,18
1175,18
1176,18
1177,18
1178,18
1179,18
1180,18
1181,18
1182,18
1183,18
1184,18
1185,18
1186,18
1187,18
1188,18
1189,18
1190,18
1191,18
1192,18
1193,18
1194,18
1195,18
1196,18
1197,18
1198,18
1199,18
1200,18
1201,18
1202,18
1203,18
1204,18
1205,18
1206,18
1207,18
1208,18
1209,18
1210,18
1211,18
1212,18
1213,18
1214,18
1215,18
1216,18
1217,18
1218,18
1219,18
1220,18
1221,18
1222,18
1223,18
1224,18
1225,18
1226,18
1227,18
1228,17
1229,17
1230,17
1231,17
1232,17
1233,17
1234,17
1235,17
1236,17
1237,17
1238,17
1239,17
1240,17
1241,17
1242,17
1243,17
1244,17
1245,17
1246,17
1247,17
1248,17
1249,17
1250,17
1251,16
1252,16
1253,16
1254,16
1255,16
1256,16
1257,16
1258,16
1259,16
1260,16
1261,16
1262,16
1263,16
1264,16
1265,16
1266,16
1267,16
1268,16
1269,16
1270,16
1271,16
1272,16
1273,16
1274,16
1275,16
1276,16
1277,16
1278,16
1279,16
1280,16
1281,16
1282,16
1283,16
1284,16
1285,16
1286,16
1287,16
1288,16
1289,16
1290,16
1291,16
1292,16
1293,16
1294,16
1295,16
1296,16
1297,16
1298,16
1299,16
1300,16
1301,16
1302,16
1303,16
1304,16
1305,16
1306,16
1307,16
1308,16
1309,16
1310,16
1311,16
1312,16
1313,16
1314,16
1315,16
1316,16
1317,16
1318,16
1319,16
1320,16
1321,16
1322,15
1323,15
1324,15
1325,15
1326,15
1327,15
1328,15
1329,15
1330,15
1331,15
1332,15
1333,15
1334,15
1335,15
1336,15
1337,15
1338,15
1339,15
1340,15
1341,15
1342,15
1343,15
1344,15
1345,15
1346,15
1347,15
1348,15
1349,15
1350,15
1351,15
1352,15
1353,15
1354,15
1355,15
1356,15
1357,15
1358,15
1359,15
1360,15
1361,15
1362,15
1363,15
1364,15
1365,14
1366,14
1367,14
1368,14
1369,14
1370,14
1371,14
1372,14
1373,14
1374,14
1375,14
1376,14
1377,14
1378,14
1379,14
1380,14
1381,14
1382,14
1383,14
1384,14
1385,14
1386,14
1387,14
1388,14
1389,14
1390,14
1391,14
1392,14
1393,14
1394,14
1395,14
1396,14
1397,14
1398,14
1399,14
1400,14
1401,14
1402,14
1403,14
1404,14
1405,14
1406,14
1407,14
1408,14
1409,14
1410,14
1411,14
1412,14
1413,14
1414,14
1415,14
1416,14
1417,14
1418,14
1419,14
1420,14
1421,14
1422,14
1423,14
1424,14
1425,14
1426,14
1427,14
1428,14
1429,14
1430,14
1431,14
1432,14
1433,14
1434,14
1435,14
1436,14
1437,14
1438,14
1439,14
1440,14
1441,14
1442,14
1443,14
1444,14
1445,14
1446,14
1447,14
1448,14
1449,14
1450,14
1451,14
1452,14
1453,14
1454,14
1455,14
1456,14
1457,14
1458,14
1459,14
1460,14
1461,14
1462,14
1463,14
1464,14
1465,14
1466,14
1467,14
1468,13
1469,13
1470,13
1471,13
1472,13
1473,13
1474,13
1475,13
1476,13
1477,13
1478,13
1479,13
1480,13
1481,13
1482,13
1483,13
1484,13
1485,13
1486,13
1487,13
1488,13
1489,13
1490,13
1491,13
1492,13
1493,13
1494,13
1495,12
1496,12
1497,12
1498,12
1499,12
1500,12
1501,12
1502,12
1503,12
1504,12
1505,12
1506,12
1507,12
1508,12
1509,12
1510,12
1511,12
1512,12
1513,12
1514,12
1515,12
1516,12
1517,12
1518,12
1519,12
1520,12
1521,12
1522,12
1523,12
1524,12
1525,12
1526,12
1527,12
1528,12
1529,12
1530,12
1531,12
1532,12
1533,12
1534,12
1535,12
1536,12
1537,12
1538,12
1539,12
1540,12
1541,12
1542,12
1543,12
1544,12
1545,12
1546,12
1547,12
1548,12
1549,12
1550,12
1551,12
1552,12
1553,12
1554,12
1555,12
1556,12
1557,12
1558,12
1559,12
1560,12
1561,12
1562,12
1563,12
1564,12
1565,12
1566,12
1567,12
1568,12
1569,12
1570,12
1571,12
1572,12
1573,12
1574,12
1575,12
1576,12
1577,12
1578,12
1579,12
1580,12
1581,12
1582,12
1583,12
1584,12
1585,12
1586,12
1587,12
1588,12
1589,12
1590,12
1591,12
1592,12
1593,12
1594,12
1595,12
1596,12
1597,12
1598,12
1599,12
1600,12
1601,12
1602,12
1603,12
1604,12
1605,12
1606,12
1607,12
1608,12
1609,12
1610,12
1611,12
1612,12
1613,12
1614,12
1615,12
1616,12
1617,12
1618,12
1619,12
1620,12
1621,12
1622,12
1623,12
1624,12
1625,12
1626,12
1627,12
1628,12
1629,12
1630,12
1631,12
1632,12
1633,12
1634,12
1635,12
1636,12
1637,12
1638,12
1639,12
1640,12
1641,12
1642,12
1643,12
1644,12
1645,12
1646,12
1647,12
1648,12
1649,11
1650,11
1651,11
1652,11
1653,11
1654,11
1655,11
1656,11
1657,11
1658,11
1659,11
1660,11
1661,11
1662,11
1663,11
1664,11
1665,11
1666,11
1667,11
1668,11
1669,11
1670,11
1671,11
1672,11
1673,11
1674,11
1675,11
1676,11
1677,11
1678,11
1679,11
1680,11
1681,11
1682,11
1683,11
1684,11
1685,11
1686,11
1687,11
1688,11
1689,11
1690,11
1691,11
1692,11
1693,11
1694,11
1695,11
1696,11
1697,10
1698,10
1699,10
1700,10
1701,10
1702,10
1703,10
1704,10
1705,10
1706,10
1707,10
1708,10
1709,10
1710,10
1711,10
1712,10
1713,10
1714,10
1715,10
1716,10
1717,10
1718,10
1719,10
1720,10
1721,10
1722,10
1723,10
1724,10
1725,10
1726,10
1727,10
1728,10
1729,10
1730,10
1731,10
1732,10
1733,10
1734,10
1735,10
1736,10
1737,10
1738,10
1739,10
1740,10
1741,10
1742,10
1743,10
1744,10
1745,10
1746,10
1747,10
1748,10
1749,10
1750,10
1751,10
1752,10
1753,10
1754,10
1755,10
1756,10
1757,10
1758,10
1759,10
1760,10
1761,10
1762,10
1763,10
1764,10
1765,10
1766,10
1767,10
1768,10
1769,10
1770,10
1771,10
1772,10
1773,10
1774,10
1775,10
1776,10
1777,10
1778,10
1779,10
1780,10
1781,10
1782,10
1783,10
1784,10
1785,10
1786,10
1787,10
1788,10
1789,10
1790,10
1791,10
1792,10
1793,10
1794,10
1795,10
1796,10
1797,10
1798,10
1799,10
1800,10
1801,10
1802,10
1803,10
1804,10
1805,10
1806,10
1807,10
1808,10
1809,10
1810,10
1811,10
1812,10
1813,10
1814,10
1815,10
1816,10
1817,10
1818,10
1819,10
1820,10
1821,10
1822,10
1823,10
1824,10
1825,10
1826,10
1827,10
1828,10
1829,10
1830,10
1831,10
1832,10
1833,10
1834,10
1835,10
1836,10
1837,10
1838,10
1839,10
1840,10
1841,10
1842,10
1843,10
1844,10
1845,10
1846,10
1847,10
1848,10
1849,10
1850,10
1851,10
1852,10
1853,10
1854,10
1855,10
1856,10
1857,10
1858,10
1859,10
1860,10
1861,10
1862,10
1863,10
1864,10
1865,10
1866,10
1867,10
1868,10
1869,10
1870,10
1871,10
1872,10
1873,10
1874,10
1875,10
1876,10
1877,10
1878,10
1879,10
1880,10
1881,10
1882,10
1883,10
1884,10
1885,10
1886,10
1887,10
1888,10
1889,10
1890,10
1891,10
1892,10
1893,10
1894,10
1895,10
1896,10
1897,10
1898,10
1899,10
1900,10
1901,10
1902,10
1903,10
1904,10
1905,10
1906,10
1907,10
1908,10
1909,10
1910,10
1911,9
1912,9
1913,9
1914,9
1915,9
1916,9
1917,9
1918,9
1919,9
1920,9
1921,9
1922,9
1923,9
1924,9
1925,9
1926,9
1927,9
1928,9
1929,9
1930,9
1931,9
1932,9
1933,9
1934,9
1935,9
1936,9
1937,9
1938,9
1939,9
1940,9
1941,9
1942,9
1943,9
1944,9
1945,9
1946,9
1947,9
1948,9
1949,9
1950,9
1951,9
1952,9
1953,9
1954,9
1955,9
1956,9
1957,9
1958,8
1959,8
1960,8
1961,8
1962,8
1963,8
1964,8
1965,8
1966,8
1967,8
1968,8
1969,8
1970,8
1971,8
1972,8
1973,8
1974,8
1975,8
1976,8
1977,8
1978,8
1979,8
1980,8
1981,8
1982,8
1983,8
1984,8
1985,8
1986,8
1987,8
1988,8
1989,8
1990,8
1991,8
1992,8
1993,8
1994,8
1995,8
1996,8
1997,8
1998,8
1999,8
2000,8
2001,8
2002,8
2003,8
2004,8
2005,8
2006,8
2007,8
2008,8
2009,8
2010,8
2011,8
2012,8
2013,8
2014,8
2015,8
2016,8
2017,8
2018,8
2019,8
2020,8
2021,8
2022,8
2023,8
2024,8
2025,8
2026,8
2027,8
2028,8
2029,8
2030,8
2031,8
2032,8
2033,8
2034,8
2035,8
2036,8
2037,8
2038,8
2039,8
2040,8
2041,8
2042,8
2043,8
2044,8
2045,8
2046,8
2047,8
2048,8
2049,8
2050,8
2051,8
2052,8
2053,8
2054,8
2055,8
2056,8
2057,8
2058,8
2059,8
2060,8
2061,8
2062,8
2063,8
2064,8
2065,8
2066,8
2067,8
2068,8
2069,8
2070,8
2071,8
2072,8
2073,8
2074,8
2075,8
2076,8
2077,8
2078,8
2079,8
2080,8
2081,8
2082,8
2083,8
2084,8
2085,8
2086,8
2087,8
2088,8
2089,8
2090,8
2091,8
2092,8
2093,8
2094,8
2095,8
2096,8
2097,8
2098,8
2099,8
2100,8
2101,8
2102,8
2103,8
2104,8
2105,8
2106,8
2107,8
2108,8
2109,8
2110,8
2111,8
2112,8
2113,8
2114,8
2115,8
2116,8
2117,8
2118,8
2119,8
2120,8
2121,8
2122,8
2123,8
2124,8
2125,8
2126,8
2127,8
2128,8
2129,8
2130,8
2131,8
2132,8
2133,8
2134,8
2135,8
2136,8
2137,8
2138,8
2139,8
2140,8
2141,8
2142,8
2143,8
2144,8
2145,8
2146,8
2147,8
2148,8
2149,8
2150,8
2151,8
2152,8
2153,8
2154,8
2155,8
2156,8
2157,8
2158,8
2159,8
2160,8
2161,8
2162,8
2163,8
2164,8
2165,8
2166,8
2167,8
2168,8
2169,8
2170,8
2171,8
2172,8
2173,8
2174,8
2175,8
2176,8
2177,8
2178,8
2179,8
2180,8
2181,8
2182,8
2183,8
2184,8
2185,8
2186,8
2187,8
2188,8
2189,8
2190,8
2191,8
2192,8
2193,8
2194,8
2195,8
2196,8
2197,8
2198,8
2199,8
2200,8
2201,8
2202,8
2203,8
2204,8
2205,8
2206,8
2207,8
2208,8
2209,8
2210,8
2211,8
2212,8
2213,8
2214,8
2215,8
2216,8
2217,8
2218,8
2219,8
2220,8
2221,7
2222,7
2223,7
2224,7
2225,7
2226,7
2227,7
2228,7
2229,7
2230,7
2231,7
2232,7
2233,7
2234,7
2235,7
2236,7
2237,7
2238,7
2239,7
2240,7
2241,7
2242,7
2243,7
2244,7
2245,7
2246,7
2247,7
2248,7
2249,7
2250,7
2251,7
2252,7
2253,7
2254,7
2255,7
2256,7
2257,7
2258,7
2259,7
2260,7
2261,7
2262,7
2263,7
2264,7
2265,7
2266,7
2267,7
2268,7
2269,7
2270,7
2271,7
2272,7
2273,7
2274,7
2275,7
2276,7
2277,7
2278,7
2279,7
2280,7
2281,7
2282,7
2283,7
2284,7
2285,7
2286,7
2287,7
2288,6
2289,6
2290,6
2291,6
2292,6
2293,6
2294,6
2295,6
2296,6
2297,6
2298,6
2299,6
2300,6
2301,6
2302,6
2303,6
2304,6
2305,6
2306,6
2307,6
2308,6
2309,6
2310,6
2311,6
2312,6
2313,6
2314,6
2315,6
2316,6
2317,6
2318,6
2319,6
2320,6
2321,6
2322,6
2323,6
2324,6
2325,6
2326,6
2327,6
2328,6
2329,6
2330,6
2331,6
2332,6
2333,6
2334,6
2335,6
2336,6
2337,6
2338,6
2339,6
2340,6
2341,6
2342,6
2343,6
2344,6
2345,6
2346,6
2347,6
2348,6
2349,6
2350,6
2351,6
2352,6
2353,6
2354,6
2355,6
2356,6
2357,6
2358,6
2359,6
2360,6
2361,6
2362,6
2363,6
2364,6
2365,6
2366,6
2367,6
2368,6
2369,6
2370,6
2371,6
2372,6
2373,6
2374,6
2375,6
2376,6
2377,6
2378,6
2379,6
2380,6
2381,6
2382,6
2383,6
2384,6
2385,6
2386,6
2387,6
2388,6
2389,6
2390,6
2391,6
2392,6
2393,6
2394,6
2395,6
2396,6
2397,6
2398,6
2399,6
2400,6
2401,6
2402,6
2403,6
2404,6
2405,6
2406,6
2407,6
2408,6
2409,6
2410,6
2411,6
2412,6
2413,6
2414,6
2415,6
2416,6
2417,6
2418,6
2419,6
2420,6
2421,6
2422,6
2423,6
2424,6
2425,6
2426,6
2427,6
2428,6
2429,6
2430,6
2431,6
2432,6
2433,6
2434,6
2435,6
2436,6
2437,6
2438,6
2439,6
2440,6
2441,6
2442,6
2443,6
2444,6
2445,6
2446,6
2447,6
2448,6
2449,6
2450,6
2451,6
2452,6
2453,6
2454,6
2455,6
2456,6
2457,6
2458,6
2459,6
2460,6
2461,6
2462,6
2463,6
2464,6
2465,6
2466,6
2467,6
2468,6
2469,6
2470,6
2471,6
2472,6
2473,6
2474,6
2475,6
2476,6
2477,6
2478,6
2479,6
2480,6
2481,6
2482,6
2483,6
2484,6
2485,6
2486,6
2487,6
2488,6
2489,6
2490,6
2491,6
2492,6
2493,6
2494,6
2495,6
2496,6
2497,6
2498,6
2499,6
2500,6
2501,6
2502,6
2503,6
2504,6
2505,6
2506,6
2507,6
2508,6
2509,6
2510,6
2511,6
2512,6
2513,6
2514,6
2515,6
2516,6
2517,6
2518,6
2519,6
2520,6
2521,6
2522,6
2523,6
2524,6
2525,6
2526,6
2527,6
2528,6
2529,6
2530,6
2531,6
2532,6
2533,6
2534,6
2535,6
2536,6
2537,6
2538,6
2539,6
2540,6
2541,6
2542,6
2543,6
2544,6
2545,6
2546,6
2547,6
2548,6
2549,6
2550,6
2551,6
2552,6
2553,6
2554,6
2555,6
2556,6
2557,6
2558,6
2559,6
2560,6
2561,6
2562,6
2563,6
2564,6
2565,6
2566,6
2567,6
2568,6
2569,6
2570,6
2571,6
2572,6
2573,6
2574,6
2575,6
2576,6
2577,6
2578,6
2579,6
2580,6
2581,6
2582,6
2583,6
2584,6
2585,6
2586,6
2587,6
2588,6
2589,6
2590,6
2591,6
2592,6
2593,6
2594,6
2595,6
2596,6
2597,6
2598,6
2599,6
2600,6
2601,6
2602,6
2603,6
2604,6
2605,6
2606,6
2607,6
2608,6
2609,6
2610,6
2611,6
2612,6
2613,6
2614,6
2615,6
2616,6
2617,6
2618,6
2619,6
2620,6
2621,6
2622,6
2623,6
2624,6
2625,6
2626,6
2627,6
2628,6
2629,6
2630,6
2631,6
2632,6
2633,6
2634,6
2635,6
2636,6
2637,6
2638,6
2639,6
2640,6
2641,6
2642,6
2643,6
2644,6
2645,6
2646,6
2647,6
2648,6
2649,6
2650,6
2651,6
2652,6
2653,6
2654,6
2655,6
2656,6
2657,6
2658,6
2659,6
2660,6
2661,6
2662,6
2663,6
2664,6
2665,6
2666,6
2667,6
2668,6
2669,6
2670,6
2671,6
2672,6
2673,6
2674,6
2675,6
2676,6
2677,6
2678,6
2679,6
2680,6
2681,6
2682,6
2683,6
2684,6
2685,6
2686,6
2687,6
2688,6
2689,6
2690,6
2691,6
2692,6
2693,6
2694,6
2695,6
2696,6
2697,6
2698,6
2699,6
2700,6
2701,6
2702,6
2703,6
2704,6
2705,6
2706,6
2707,6
2708,6
2709,6
2710,6
2711,6
2712,6
2713,6
2714,6
2715,6
2716,6
2717,6
2718,6
2719,6
2720,6
2721,6
2722,6
2723,6
2724,6
2725,6
2726,6
2727,6
2728,6
2729,6
2730,6
2731,6
2732,6
2733,6
2734,6
2735,6
2736,6
2737,6
2738,6
2739,6
2740,6
2741,6
2742,6
2743,6
2744,6
2745,6
2746,6
2747,6
2748,6
2749,6
2750,6
2751,6
2752,6
2753,5
2754,5
2755,5
2756,5
2757,5
2758,5
2759,5
2760,5
2761,5
2762,5
2763,5
2764,5
2765,5
2766,5
2767,5
2768,5
2769,5
2770,5
2771,5
2772,5
2773,5
2774,5
2775,5
2776,5
2777,5
2778,5
2779,5
2780,5
2781,5
2782,5
2783,5
2784,5
2785,5
2786,5
2787,5
2788,5
2789,5
2790,5
2791,5
2792,5
2793,5
2794,5
2795,5
2796,5
2797,5
2798,5
2799,5
2800,5
2801,5
2802,5
2803,5
2804,5
2805,5
2806,5
2807,5
2808,5
2809,5
2810,5
2811,5
2812,5
2813,5
2814,5
2815,5
2816,5
2817,5
2818,5
2819,5
2820,5
2821,5
2822,5
2823,5
2824,5
2825,5
2826,5
2827,5
2828,4
2829,4
2830,4
2831,4
2832,4
2833,4
2834,4
2835,4
2836,4
2837,4
2838,4
2839,4
2840,4
2841,4
2842,4
2843,4
2844,4
2845,4
2846,4
2847,4
2848,4
2849,4
2850,4
2851,4
2852,4
2853,4
2854,4
2855,4
2856,4
2857,4
2858,4
2859,4
2860,4
2861,4
2862,4
2863,4
2864,4
2865,4
2866,4
2867,4
2868,4
2869,4
2870,4
2871,4
2872,4
2873,4
2874,4
2875,4
2876,4
2877,4
2878,4
2879,4
2880,4
2881,4
2882,4
2883,4
2884,4
2885,4
2886,4
2887,4
2888,4
2889,4
2890,4
2891,4
2892,4
2893,4
2894,4
2895,4
2896,4
2897,4
2898,4
2899,4
2900,4
2901,4
2902,4
2903,4
2904,4
2905,4
2906,4
2907,4
2908,4
2909,4
2910,4
2911,4
2912,4
2913,4
2914,4
2915,4
2916,4
2917,4
2918,4
2919,4
2920,4
2921,4
2922,4
2923,4
2924,4
2925,4
2926,4
2927,4
2928,4
2929,4
2930,4
2931,4
2932,4
2933,4
2934,4
2935,4
2936,4
2937,4
2938,4
2939,4
2940,4
2941,4
2942,4
2943,4
2944,4
2945,4
2946,4
2947,4
2948,4
2949,4
2950,4
2951,4
2952,4
2953,4
2954,4
2955,4
2956,4
2957,4
2958,4
2959,4
2960,4
2961,4
2962,4
2963,4
2964,4
2965,4
2966,4
2967,4
2968,4
2969,4
2970,4
2971,4
2972,4
2973,4
2974,4
2975,4
2976,4
2977,4
2978,4
2979,4
2980,4
2981,4
2982,4
2983,4
2984,4
2985,4
2986,4
2987,4
2988,4
2989,4
2990,4
2991,4
2992,4
2993,4
2994,4
2995,4
2996,4
2997,4
2998,4
2999,4
3000,4
3001,4
3002,4
3003,4
3004,4
3005,4
3006,4
3007,4
3008,4
3009,4
3010,4
3011,4
3012,4
3013,4
3014,4
3015,4
3016,4
3017,4
3018,4
3019,4
3020,4
3021,4
3022,4
3023,4
3024,4
3025,4
3026,4
3027,4
3028,4
3029,4
3030,4
3031,4
3032,4
3033,4
3034,4
3035,4
3036,4
3037,4
3038,4
3039,4
3040,4
3041,4
3042,4
3043,4
3044,4
3045,4
3046,4
3047,4
3048,4
3049,4
3050,4
3051,4
3052,4
3053,4
3054,4
3055,4
3056,4
3057,4
3058,4
3059,4
3060,4
3061,4
3062,4
3063,4
3064,4
3065,4
3066,4
3067,4
3068,4
3069,4
3070,4
3071,4
3072,4
3073,4
3074,4
3075,4
3076,4
3077,4
3078,4
3079,4
3080,4
3081,4
3082,4
3083,4
3084,4
3085,4
3086,4
3087,4
3088,4
3089,4
3090,4
3091,4
3092,4
3093,4
3094,4
3095,4
3096,4
3097,4
3098,4
3099,4
3100,4
3101,4
3102,4
3103,4
3104,4
3105,4
3106,4
3107,4
3108,4
3109,4
3110,4
3111,4
3112,4
3113,4
3114,4
3115,4
3116,4
3117,4
3118,4
3119,4
3120,4
3121,4
3122,4
3123,4
3124,4
3125,4
3126,4
3127,4
3128,4
3129,4
3130,4
3131,4
3132,4
3133,4
3134,4
3135,4
3136,4
3137,4
3138,4
3139,4
3140,4
3141,4
3142,4
3143,4
3144,4
3145,4
3146,4
3147,4
3148,4
3149,4
3150,4
3151,4
3152,4
3153,4
3154,4
3155,4
3156,4
3157,4
3158,4
3159,4
3160,4
3161,4
3162,4
3163,4
3164,4
3165,4
3166,4
3167,4
3168,4
3169,4
3170,4
3171,4
3172,4
3173,4
3174,4
3175,4
3176,4
3177,4
3178,4
3179,4
3180,4
3181,4
3182,4
3183,4
3184,4
3185,4
3186,4
3187,4
3188,4
3189,4
3190,4
3191,4
3192,4
3193,4
3194,4
3195,4
3196,4
3197,4
3198,4
3199,4
3200,4
3201,4
3202,4
3203,4
3204,4
3205,4
3206,4
3207,4
3208,4
3209,4
3210,4
3211,4
3212,4
3213,4
3214,4
3215,4
3216,4
3217,4
3218,4
3219,4
3220,4
3221,4
3222,4
3223,4
3224,4
3225,4
3226,4
3227,4
3228,4
3229,4
3230,4
3231,4
3232,4
3233,4
3234,4
3235,4
3236,4
3237,4
3238,4
3239,4
3240,4
3241,4
3242,4
3243,4
3244,4
3245,4
3246,4
3247,4
3248,4
3249,4
3250,4
3251,4
3252,4
3253,4
3254,4
3255,4
3256,4
3257,4
3258,4
3259,4
3260,4
3261,4
3262,4
3263,4
3264,4
3265,4
3266,4
3267,4
3268,4
3269,4
3270,4
3271,4
3272,4
3273,4
3274,4
3275,4
3276,4
3277,4
3278,4
3279,4
3280,4
3281,4
3282,4
3283,4
3284,4
3285,4
3286,4
3287,4
3288,4
3289,4
3290,4
3291,4
3292,4
3293,4
3294,4
3295,4
3296,4
3297,4
3298,4
3299,4
3300,4
3301,4
3302,4
3303,4
3304,4
3305,4
3306,4
3307,4
3308,4
3309,4
3310,4
3311,4
3312,4
3313,4
3314,4
3315,4
3316,4
3317,4
3318,4
3319,4
3320,4
3321,4
3322,4
3323,4
3324,4
3325,4
3326,4
3327,4
3328,4
3329,4
3330,4
3331,4
3332,4
3333,4
3334,4
3335,4
3336,4
3337,4
3338,4
3339,4
3340,4
3341,4
3342,4
3343,4
3344,4
3345,4
3346,4
3347,4
3348,4
3349,4
3350,4
3351,4
3352,4
3353,4
3354,4
3355,4
3356,4
3357,4
3358,4
3359,4
3360,4
3361,4
3362,4
3363,4
3364,4
3365,4
3366,4
3367,4
3368,4
3369,4
3370,4
3371,4
3372,4
3373,4
3374,4
3375,4
3376,4
3377,4
3378,4
3379,4
3380,4
3381,4
3382,4
3383,4
3384,4
3385,4
3386,4
3387,4
3388,4
3389,4
3390,4
3391,4
3392,4
3393,4
3394,4
3395,4
3396,4
3397,4
3398,4
3399,4
3400,4
3401,4
3402,4
3403,4
3404,4
3405,4
3406,4
3407,4
3408,4
3409,4
3410,4
3411,4
3412,4
3413,4
3414,4
3415,4
3416,4
3417,4
3418,4
3419,4
3420,4
3421,4
3422,4
3423,4
3424,4
3425,4
3426,4
3427,4
3428,4
3429,4
3430,4
3431,4
3432,4
3433,4
3434,4
3435,4
3436,4
3437,4
3438,4
3439,4
3440,4
3441,4
3442,4
3443,4
3444,4
3445,4
3446,4
3447,4
3448,4
3449,4
3450,4
3451,4
3452,4
3453,4
3454,4
3455,4
3456,4
3457,4
3458,4
3459,4
3460,4
3461,4
3462,4
3463,4
3464,4
3465,4
3466,4
3467,4
3468,4
3469,4
3470,4
3471,4
3472,4
3473,4
3474,4
3475,4
3476,4
3477,4
3478,4
3479,4
3480,4
3481,4
3482,4
3483,4
3484,4
3485,4
3486,4
3487,4
3488,4
3489,4
3490,4
3491,4
3492,4
3493,4
3494,4
3495,4
3496,4
3497,4
3498,4
3499,4
3500,4
3501,4
3502,4
3503,4
3504,4
3505,4
3506,4
3507,4
3508,4
3509,4
3510,4
3511,4
3512,4
3513,4
3514,4
3515,4
3516,4
3517,4
3518,4
3519,4
3520,4
3521,4
3522,4
3523,4
3524,4
3525,4
3526,4
3527,4
3528,4
3529,4
3530,4
3531,4
3532,4
3533,4
3534,4
3535,4
3536,4
3537,4
3538,4
3539,4
3540,4
3541,4
3542,4
3543,4
3544,4
3545,4
3546,4
3547,4
3548,4
3549,4
3550,4
3551,4
3552,4
3553,4
3554,4
3555,4
3556,4
3557,4
3558,4
3559,4
3560,4
3561,4
3562,4
3563,4
3564,4
3565,4
3566,4
3567,4
3568,4
3569,4
3570,4
3571,4
3572,4
3573,4
3574,4
3575,4
3576,4
3577,4
3578,4
3579,4
3580,4
3581,4
3582,4
3583,4
3584,4
3585,4
3586,4
3587,4
3588,4
3589,4
3590,4
3591,4
3592,4
3593,4
3594,4
3595,4
3596,4
3597,4
3598,4
3599,4
3600,4
3601,4
3602,4
3603,4
3604,4
3605,4
3606,4
3607,4
3608,4
3609,4
3610,4
3611,4
3612,4
3613,4
3614,4
3615,4
3616,4
3617,4
3618,4
3619,4
3620,4
3621,4
3622,4
3623,4
3624,4
3625,4
3626,4
3627,4
3628,4
3629,4
3630,4
3631,4
3632,4
3633,4
3634,4
3635,4
3636,4
3637,4
3638,4
3639,4
3640,4
3641,4
3642,4
3643,4
3644,4
3645,4
3646,4
3647,4
3648,4
3649,4
3650,4
3651,4
3652,4
3653,4
3654,4
3655,4
3656,4
3657,4
3658,4
3659,4
3660,4
3661,4
3662,4
3663,4
3664,4
3665,4
3666,4
3667,4
3668,4
3669,4
3670,4
3671,4
3672,4
3673,4
3674,4
3675,4
3676,4
3677,4
3678,4
3679,4
3680,4
3681,4
3682,4
3683,4
3684,4
3685,4
3686,4
3687,4
3688,4
3689,4
3690,4
3691,4
3692,4
3693,4
3694,4
3695,4
3696,4
3697,4
3698,4
3699,4
3700,4
3701,4
3702,4
3703,4
3704,4
3705,4
3706,4
3707,4
3708,4
3709,4
3710,4
3711,4
3712,4
3713,4
3714,4
3715,4
3716,4
3717,4
3718,4
3719,4
3720,4
3721,4
3722,4
3723,4
3724,4
3725,4
3726,4
3727,4
3728,4
3729,4
3730,4
3731,4
3732,4
3733,4
3734,4
3735,4
3736,4
3737,4
3738,4
3739,4
3740,4
3741,4
3742,4
3743,4
3744,4
3745,4
3746,4
3747,4
3748,4
3749,4
3750,4
3751,4
3752,4
3753,4
3754,4
3755,4
3756,4
3757,4
3758,4
3759,4
3760,4
3761,4
3762,4
3763,4
3764,4
3765,4
3766,4
3767,4
3768,4
3769,4
3770,4
3771,4
3772,4
3773,4
3774,4
3775,4
3776,4
3777,4
3778,4
3779,4
3780,4
3781,4
3782,4
3783,4
3784,4
3785,4
3786,4
3787,4
3788,4
3789,4
3790,4
3791,4
3792,4
3793,4
3794,4
3795,4
3796,4
3797,4
3798,4
3799,4
3800,4
3801,4
3802,4
3803,4
3804,4
3805,4
3806,4
3807,4
3808,4
3809,4
3810,3
3811,3
3812,3
3813,3
3814,3
3815,3
3816,3
3817,3
3818,3
3819,3
3820,3
3821,3
3822,3
3823,3
3824,3
3825,3
3826,3
3827,3
3828,3
3829,3
3830,3
3831,3
3832,3
3833,3
3834,3
3835,3
3836,3
3837,3
3838,3
3839,3
3840,3
3841,3
3842,3
3843,3
3844,3
3845,3
3846,3
3847,3
3848,3
3849,3
3850,3
3851,3
3852,3
3853,3
3854,3
3855,3
3856,3
3857,3
3858,3
3859,3
3860,3
3861,3
3862,3
3863,3
3864,3
3865,3
3866,3
3867,3
3868,3
3869,3
3870,3
3871,3
3872,3
3873,3
3874,3
3875,3
3876,3
3877,3
3878,3
3879,3
3880,3
3881,3
3882,3
3883,3
3884,3
3885,3
3886,3
3887,3
3888,3
3889,3
3890,3
3891,3
3892,3
3893,3
3894,3
3895,3
3896,3
3897,3
3898,3
3899,3
3900,3
3901,3
3902,3
3903,3
3904,3
3905,3
3906,3
3907,2
3908,2
3909,2
3910,2
3911,2
3912,2
3913,2
3914,2
3915,2
3916,2
3917,2
3918,2
3919,2
3920,2
3921,2
3922,2
3923,2
3924,2
3925,2
3926,2
3927,2
3928,2
3929,2
3930,2
3931,2
3932,2
3933,2
3934,2
3935,2
3936,2
3937,2
3938,2
3939,2
3940,2
3941,2
3942,2
3943,2
3944,2
3945,2
3946,2
3947,2
3948,2
3949,2
3950,2
3951,2
3952,2
3953,2
3954,2
3955,2
3956,2
3957,2
3958,2
3959,2
3960,2
3961,2
3962,2
3963,2
3964,2
3965,2
3966,2
3967,2
3968,2
3969,2
3970,2
3971,2
3972,2
3973,2
3974,2
3975,2
3976,2
3977,2
3978,2
3979,2
3980,2
3981,2
3982,2
3983,2
3984,2
3985,2
3986,2
3987,2
3988,2
3989,2
3990,2
3991,2
3992,2
3993,2
3994,2
3995,2
3996,2
3997,2
3998,2
3999,2
4000,2
4001,2
4002,2
4003,2
4004,2
4005,2
4006,2
4007,2
4008,2
4009,2
4010,2
4011,2
4012,2
4013,2
4014,2
4015,2
4016,2
4017,2
4018,2
4019,2
4020,2
4021,2
4022,2
4023,2
4024,2
4025,2
4026,2
4027,2
4028,2
4029,2
4030,2
4031,2
4032,2
4033,2
4034,2
4035,2
4036,2
4037,2
4038,2
4039,2
4040,2
4041,2
4042,2
4043,2
4044,2
4045,2
4046,2
4047,2
4048,2
4049,2
4050,2
4051,2
4052,2
4053,2
4054,2
4055,2
4056,2
4057,2
4058,2
4059,2
4060,2
4061,2
4062,2
4063,2
4064,2
4065,2
4066,2
4067,2
4068,2
4069,2
4070,2
4071,2
4072,2
4073,2
4074,2
4075,2
4076,2
4077,2
4078,2
4079,2
4080,2
4081,2
4082,2
4083,2
4084,2
4085,2
4086,2
4087,2
4088,2
4089,2
4090,2
4091,2
4092,2
4093,2
4094,2
4095,2
4096,2
4097,2
4098,2
4099,2
4100,2
4101,2
4102,2
4103,2
4104,2
4105,2
4106,2
4107,2
4108,2
4109,2
4110,2
4111,2
4112,2
4113,2
4114,2
4115,2
4116,2
4117,2
4118,2
4119,2
4120,2
4121,2
4122,2
4123,2
4124,2
4125,2
4126,2
4127,2
4128,2
4129,2
4130,2
4131,2
4132,2
4133,2
4134,2
4135,2
4136,2
4137,2
4138,2
4139,2
4140,2
4141,2
4142,2
4143,2
4144,2
4145,2
4146,2
4147,2
4148,2
4149,2
4150,2
4151,2
4152,2
4153,2
4154,2
4155,2
4156,2
4157,2
4158,2
4159,2
4160,2
4161,2
4162,2
4163,2
4164,2
4165,2
4166,2
4167,2
4168,2
4169,2
4170,2
4171,2
4172,2
4173,2
4174,2
4175,2
4176,2
4177,2
4178,2
4179,2
4180,2
4181,2
4182,2
4183,2
4184,2
4185,2
4186,2
4187,2
4188,2
4189,2
4190,2
4191,2
4192,2
4193,2
4194,2
4195,2
4196,2
4197,2
4198,2
4199,2
4200,2
4201,2
4202,2
4203,2
4204,2
4205,2
4206,2
4207,2
4208,2
4209,2
4210,2
4211,2
4212,2
4213,2
4214,2
4215,2
4216,2
4217,2
4218,2
4219,2
4220,2
4221,2
4222,2
4223,2
4224,2
4225,2
4226,2
4227,2
4228,2
4229,2
4230,2
4231,2
4232,2
4233,2
4234,2
4235,2
4236,2
4237,2
4238,2
4239,2
4240,2
4241,2
4242,2
4243,2
4244,2
4245,2
4246,2
4247,2
4248,2
4249,2
4250,2
4251,2
4252,2
4253,2
4254,2
4255,2
4256,2
4257,2
4258,2
4259,2
4260,2
4261,2
4262,2
4263,2
4264,2
4265,2
4266,2
4267,2
4268,2
4269,2
4270,2
4271,2
4272,2
4273,2
4274,2
4275,2
4276,2
4277,2
4278,2
4279,2
4280,2
4281,2
4282,2
4283,2
4284,2
4285,2
4286,2
4287,2
4288,2
4289,2
4290,2
4291,2
4292,2
4293,2
4294,2
4295,2
4296,2
4297,2
4298,2
4299,2
4300,2
4301,2
4302,2
4303,2
4304,2
4305,2
4306,2
4307,2
4308,2
4309,2
4310,2
4311,2
4312,2
4313,2
4314,2
4315,2
4316,2
4317,2
4318,2
4319,2
4320,2
4321,2
4322,2
4323,2
4324,2
4325,2
4326,2
4327,2
4328,2
4329,2
4330,2
4331,2
4332,2
4333,2
4334,2
4335,2
4336,2
4337,2
4338,2
4339,2
4340,2
4341,2
4342,2
4343,2
4344,2
4345,2
4346,2
4347,2
4348,2
4349,2
4350,2
4351,2
4352,2
4353,2
4354,2
4355,2
4356,2
4357,2
4358,2
4359,2
4360,2
4361,2
4362,2
4363,2
4364,2
4365,2
4366,2
4367,2
4368,2
4369,2
4370,2
4371,2
4372,2
4373,2
4374,2
4375,2
4376,2
4377,2
4378,2
4379,2
4380,2
4381,2
4382,2
4383,2
4384,2
4385,2
4386,2
4387,2
4388,2
4389,2
4390,2
4391,2
4392,2
4393,2
4394,2
4395,2
4396,2
4397,2
4398,2
4399,2
4400,2
4401,2
4402,2
4403,2
4404,2
4405,2
4406,2
4407,2
4408,2
4409,2
4410,2
4411,2
4412,2
4413,2
4414,2
4415,2
4416,2
4417,2
4418,2
4419,2
4420,2
4421,2
4422,2
4423,2
4424,2
4425,2
4426,2
4427,2
4428,2
4429,2
4430,2
4431,2
4432,2
4433,2
4434,2
4435,2
4436,2
4437,2
4438,2
4439,2
4440,2
4441,2
4442,2
4443,2
4444,2
4445,2
4446,2
4447,2
4448,2
4449,2
4450,2
4451,2
4452,2
4453,2
4454,2
4455,2
4456,2
4457,2
4458,2
4459,2
4460,2
4461,2
4462,2
4463,2
4464,2
4465,2
4466,2
4467,2
4468,2
4469,2
4470,2
4471,2
4472,2
4473,2
4474,2
4475,2
4476,2
4477,2
4478,2
4479,2
4480,2
4481,2
4482,2
4483,2
4484,2
4485,2
4486,2
4487,2
4488,2
4489,2
4490,2
4491,2
4492,2
4493,2
4494,2
4495,2
4496,2
4497,2
4498,2
4499,2
4500,2
4501,2
4502,2
4503,2
4504,2
4505,2
4506,2
4507,2
4508,2
4509,2
4510,2
4511,2
4512,2
4513,2
4514,2
4515,2
4516,2
4517,2
4518,2
4519,2
4520,2
4521,2
4522,2
4523,2
4524,2
4525,2
4526,2
4527,2
4528,2
4529,2
4530,2
4531,2
4532,2
4533,2
4534,2
4535,2
4536,2
4537,2
4538,2
4539,2
4540,2
4541,2
4542,2
4543,2
4544,2
4545,2
4546,2
4547,2
4548,2
4549,2
4550,2
4551,2
4552,2
4553,2
4554,2
4555,2
4556,2
4557,2
4558,2
4559,2
4560,2
4561,2
4562,2
4563,2
4564,2
4565,2
4566,2
4567,2
4568,2
4569,2
4570,2
4571,2
4572,2
4573,2
4574,2
4575,2
4576,2
4577,2
4578,2
4579,2
4580,2
4581,2
4582,2
4583,2
4584,2
4585,2
4586,2
4587,2
4588,2
4589,2
4590,2
4591,2
4592,2
4593,2
4594,2
4595,2
4596,2
4597,2
4598,2
4599,2
4600,2
4601,2
4602,2
4603,2
4604,2
4605,2
4606,2
4607,2
4608,2
4609,2
4610,2
4611,2
4612,2
4613,2
4614,2
4615,2
4616,2
4617,2
4618,2
4619,2
4620,2
4621,2
4622,2
4623,2
4624,2
4625,2
4626,2
4627,2
4628,2
4629,2
4630,2
4631,2
4632,2
4633,2
4634,2
4635,2
4636,2
4637,2
4638,2
4639,2
4640,2
4641,2
4642,2
4643,2
4644,2
4645,2
4646,2
4647,2
4648,2
4649,2
4650,2
4651,2
4652,2
4653,2
4654,2
4655,2
4656,2
4657,2
4658,2
4659,2
4660,2
4661,2
4662,2
4663,2
4664,2
4665,2
4666,2
4667,2
4668,2
4669,2
4670,2
4671,2
4672,2
4673,2
4674,2
4675,2
4676,2
4677,2
4678,2
4679,2
4680,2
4681,2
4682,2
4683,2
4684,2
4685,2
4686,2
4687,2
4688,2
4689,2
4690,2
4691,2
4692,2
4693,2
4694,2
4695,2
4696,2
4697,2
4698,2
4699,2
4700,2
4701,2
4702,2
4703,2
4704,2
4705,2
4706,2
4707,2
4708,2
4709,2
4710,2
4711,2
4712,2
4713,2
4714,2
4715,2
4716,2
4717,2
4718,2
4719,2
4720,2
4721,2
4722,2
4723,2
4724,2
4725,2
4726,2
4727,2
4728,2
4729,2
4730,2
4731,2
4732,2
4733,2
4734,2
4735,2
4736,2
4737,2
4738,2
4739,2
4740,2
4741,2
4742,2
4743,2
4744,2
4745,2
4746,2
4747,2
4748,2
4749,2
4750,2
4751,2
4752,2
4753,2
4754,2
4755,2
4756,2
4757,2
4758,2
4759,2
4760,2
4761,2
4762,2
4763,2
4764,2
4765,2
4766,2
4767,2
4768,2
4769,2
4770,2
4771,2
4772,2
4773,2
4774,2
4775,2
4776,2
4777,2
4778,2
4779,2
4780,2
4781,2
4782,2
4783,2
4784,2
4785,2
4786,2
4787,2
4788,2
4789,2
4790,2
4791,2
4792,2
4793,2
4794,2
4795,2
4796,2
4797,2
4798,2
4799,2
4800,2
4801,2
4802,2
4803,2
4804,2
4805,2
4806,2
4807,2
4808,2
4809,2
4810,2
4811,2
4812,2
4813,2
4814,2
4815,2
4816,2
4817,2
4818,2
4819,2
4820,2
4821,2
4822,2
4823,2
4824,2
4825,2
4826,2
4827,2
4828,2
4829,2
4830,2
4831,2
4832,2
4833,2
4834,2
4835,2
4836,2
4837,2
4838,2
4839,2
4840,2
4841,2
4842,2
4843,2
4844,2
4845,2
4846,2
4847,2
4848,2
4849,2
4850,2
4851,2
4852,2
4853,2
4854,2
4855,2
4856,2
4857,2
4858,2
4859,2
4860,2
4861,2
4862,2
4863,2
4864,2
4865,2
4866,2
4867,2
4868,2
4869,2
4870,2
4871,2
4872,2
4873,2
4874,2
4875,2
4876,2
4877,2
4878,2
4879,2
4880,2
4881,2
4882,2
4883,2
4884,2
4885,2
4886,2
4887,2
4888,2
4889,2
4890,2
4891,2
4892,2
4893,2
4894,2
4895,2
4896,2
4897,2
4898,2
4899,2
4900,2
4901,2
4902,2
4903,2
4904,2
4905,2
4906,2
4907,2
4908,2
4909,2
4910,2
4911,2
4912,2
4913,2
4914,2
4915,2
4916,2
4917,2
4918,2
4919,2
4920,2
4921,2
4922,2
4923,2
4924,2
4925,2
4926,2
4927,2
4928,2
4929,2
4930,2
4931,2
4932,2
4933,2
4934,2
4935,2
4936,2
4937,2
4938,2
4939,2
4940,2
4941,2
4942,2
4943,2
4944,2
4945,2
4946,2
4947,2
4948,2
4949,2
4950,2
4951,2
4952,2
4953,2
4954,2
4955,2
4956,2
4957,2
4958,2
4959,2
4960,2
4961,2
4962,2
4963,2
4964,2
4965,2
4966,2
4967,2
4968,2
4969,2
4970,2
4971,2
4972,2
4973,2
4974,2
4975,2
4976,2
4977,2
4978,2
4979,2
4980,2
4981,2
4982,2
4983,2
4984,2
4985,2
4986,2
4987,2
4988,2
4989,2
4990,2
4991,2
4992,2
4993,2
4994,2
4995,2
4996,2
4997,2
4998,2
4999,2
5000,2
5001,2
5002,2
5003,2
5004,2
5005,2
5006,2
5007,2
5008,2
5009,2
5010,2
5011,2
5012,2
5013,2
5014,2
5015,2
5016,2
5017,2
5018,2
5019,2
5020,2
5021,2
5022,2
5023,2
5024,2
5025,2
5026,2
5027,2
5028,2
5029,2
5030,2
5031,2
5032,2
5033,2
5034,2
5035,2
5036,2
5037,2
5038,2
5039,2
5040,2
5041,2
5042,2
5043,2
5044,2
5045,2
5046,2
5047,2
5048,2
5049,2
5050,2
5051,2
5052,2
5053,2
5054,2
5055,2
5056,2
5057,2
5058,2
5059,2
5060,2
5061,2
5062,2
5063,2
5064,2
5065,2
5066,2
5067,2
5068,2
5069,2
5070,2
5071,2
5072,2
5073,2
5074,2
5075,2
5076,2
5077,2
5078,2
5079,2
5080,2
5081,2
5082,2
5083,2
5084,2
5085,2
5086,2
5087,2
5088,2
5089,2
5090,2
5091,2
5092,2
5093,2
5094,2
5095,2
5096,2
5097,2
5098,2
5099,2
5100,2
5101,2
5102,2
5103,2
5104,2
5105,2
5106,2
5107,2
5108,2
5109,2
5110,2
5111,2
5112,2
5113,2
5114,2
5115,2
5116,2
5117,2
5118,2
5119,2
5120,2
5121,2
5122,2
5123,2
5124,2
5125,2
5126,2
5127,2
5128,2
5129,2
5130,2
5131,2
5132,2
5133,2
5134,2
5135,2
5136,2
5137,2
5138,2
5139,2
5140,2
5141,2
5142,2
5143,2
5144,2
5145,2
5146,2
5147,2
5148,2
5149,2
5150,2
5151,2
5152,2
5153,2
5154,2
5155,2
5156,2
5157,2
5158,2
5159,2
5160,2
5161,2
5162,2
5163,2
5164,2
5165,2
5166,2
5167,2
5168,2
5169,2
5170,2
5171,2
5172,2
5173,2
5174,2
5175,2
5176,2
5177,2
5178,2
5179,2
5180,2
5181,2
5182,2
5183,2
5184,2
5185,2
5186,2
5187,2
5188,2
5189,2
5190,2
5191,2
5192,2
5193,2
5194,2
5195,2
5196,2
5197,2
5198,2
5199,2
5200,2
5201,2
5202,2
5203,2
5204,2
5205,2
5206,2
5207,2
5208,2
5209,2
5210,2
5211,2
5212,2
5213,2
5214,2
5215,2
5216,2
5217,2
5218,2
5219,2
5220,2
5221,2
5222,2
5223,2
5224,2
5225,2
5226,2
5227,2
5228,2
5229,2
5230,2
5231,2
5232,2
5233,2
5234,2
5235,2
5236,2
5237,2
5238,2
5239,2
5240,2
5241,2
5242,2
5243,2
5244,2
5245,2
5246,2
5247,2
5248,2
5249,2
5250,2
5251,2
5252,2
5253,2
5254,2
5255,2
5256,2
5257,2
5258,2
5259,2
5260,2
5261,2
5262,2
5263,2
5264,2
5265,2
5266,2
5267,2
5268,2
5269,2
5270,2
5271,2
5272,2
5273,2
5274,2
5275,2
5276,2
5277,2
5278,2
5279,2
5280,2
5281,2
5282,2
5283,2
5284,2
5285,2
5286,2
5287,2
5288,2
5289,2
5290,2
5291,2
5292,2
5293,2
5294,2
5295,2
5296,2
5297,2
5298,2
5299,2
5300,2
5301,2
5302,2
5303,2
5304,2
5305,2
5306,2
5307,2
5308,2
5309,2
5310,2
5311,2
5312,2
5313,2
5314,2
5315,2
5316,2
5317,2
5318,2
5319,2
5320,2
5321,2
5322,2
5323,2
5324,2
5325,2
5326,2
5327,2
5328,2
5329,2
5330,2
5331,2
5332,2
5333,2
5334,2
5335,2
5336,2
5337,2
5338,2
5339,2
5340,2
5341,2
5342,2
5343,2
5344,2
5345,2
5346,2
5347,2
5348,2
5349,2
5350,2
5351,2
5352,2
5353,2
5354,2
5355,2
5356,2
5357,2
5358,2
5359,2
5360,2
5361,2
5362,2
5363,2
5364,2
5365,2
5366,2
5367,2
5368,2
5369,2
5370,2
5371,2
5372,2
5373,2
5374,2
5375,2
5376,2
5377,2
5378,2
5379,2
5380,2
5381,2
5382,2
5383,2
5384,2
5385,2
5386,2
5387,2
5388,2
5389,2
5390,2
5391,2
5392,2
5393,2
5394,2
5395,2
5396,2
5397,2
5398,2
5399,2
5400,2
5401,2
5402,2
5403,2
5404,2
5405,2
5406,2
5407,2
5408,2
5409,2
5410,2
5411,2
5412,2
5413,2
5414,2
5415,2
5416,2
5417,2
5418,2
5419,2
5420,2
5421,2
5422,2
5423,2
5424,2
5425,2
5426,2
5427,2
5428,2
5429,2
5430,2
5431,2
5432,2
5433,2
5434,2
5435,2
5436,2
5437,2
5438,2
5439,2
5440,2
5441,2
5442,2
5443,2
5444,2
5445,2
5446,2
5447,2
5448,2
5449,2
5450,2
5451,2
5452,2
5453,2
5454,2
5455,2
5456,2
5457,2
5458,2
5459,2
5460,2
5461,2
5462,2
5463,2
5464,2
5465,2
5466,2
5467,2
5468,2
5469,2
5470,2
5471,2
5472,2
5473,2
5474,2
5475,2
5476,2
5477,2
5478,2
5479,2
5480,2
5481,2
5482,2
5483,2
5484,2
5485,2
5486,2
5487,2
5488,2
5489,2
5490,2
5491,2
5492,2
5493,2
5494,2
5495,2
5496,2
5497,2
5498,2
5499,2
5500,2
5501,2
5502,2
5503,2
5504,2
5505,2
5506,2
5507,2
5508,2
5509,2
5510,2
5511,2
5512,2
5513,2
5514,2
5515,2
5516,2
5517,2
5518,2
5519,2
5520,2
5521,2
5522,2
5523,2
5524,2
5525,2
5526,2
5527,2
5528,2
5529,2
5530,2
5531,2
5532,2
5533,2
5534,2
5535,2
5536,2
5537,2
5538,2
5539,2
5540,2
5541,2
5542,2
5543,2
5544,2
5545,2
5546,2
5547,2
5548,2
5549,2
5550,2
5551,2
5552,2
5553,2
5554,2
5555,2
5556,2
5557,2
5558,2
5559,2
5560,2
5561,2
5562,2
5563,2
5564,2
5565,2
5566,2
5567,2
5568,2
5569,2
5570,2
5571,2
5572,2
5573,2
5574,2
5575,2
5576,2
5577,2
5578,2
5579,2
5580,2
5581,2
5582,2
5583,2
5584,2
5585,2
5586,2
5587,2
5588,2
5589,2
5590,2
5591,2
5592,2
5593,2
5594,2
5595,2
5596,2
5597,2
5598,2
5599,2
5600,2
5601,2
5602,2
5603,2
5604,2
5605,2
5606,2
5607,2
5608,2
5609,2
5610,2
5611,2
5612,2
5613,2
5614,2
5615,2
5616,2
5617,2
5618,2
5619,2
5620,2
5621,2
5622,2
5623,2
5624,2
5625,2
5626,2
5627,2
5628,2
5629,2
5630,2
5631,2
5632,2
5633,2
5634,2
5635,2
5636,2
5637,2
5638,2
5639,2
5640,2
5641,2
5642,2
5643,2
5644,2
5645,2
5646,2
5647,2
5648,2
5649,2
5650,2
5651,2
5652,2
5653,2
5654,2
5655,2
5656,2
5657,2
5658,2
5659,2
5660,2
5661,2
5662,2
5663,2
5664,2
5665,2
5666,2
5667,2
5668,2
5669,2
5670,2
5671,2
5672,2
5673,2
5674,2
5675,2
5676,2
5677,2
5678,2
5679,2
5680,2
5681,2
5682,2
5683,2
5684,2
5685,2
5686,2
5687,2
5688,2
5689,2
5690,2
5691,2
5692,2
5693,2
5694,2
5695,2
5696,2
5697,2
5698,2
5699,2
5700,2
5701,2
5702,2
5703,2
5704,2
5705,2
5706,2
5707,2
5708,2
5709,2
5710,2
5711,2
5712,2
5713,2
5714,2
5715,2
5716,2
5717,2
5718,2
5719,2
5720,2
5721,2
5722,2
5723,2
5724,2
5725,2
5726,2
5727,2
5728,2
5729,2
5730,2
5731,2
5732,2
5733,2
5734,2
5735,2
5736,2
5737,2
5738,2
5739,2
5740,2
5741,2
5742,2
5743,2
5744,2
5745,2
5746,2
5747,2
5748,2
5749,2
5750,2
5751,2
5752,2
5753,2
5754,2
5755,2
5756,2
5757,2
5758,2
5759,2
5760,2
5761,2
5762,2
5763,2
5764,2
5765,2
5766,2
5767,2
5768,2
5769,2
5770,2
5771,2
5772,2
5773,2
5774,2
5775,2
5776,2
5777,2
5778,2
5779,2
5780,2
5781,2
5782,2
5783,2
5784,2
5785,2
5786,2
5787,2
5788,2
5789,2
5790,2
5791,2
5792,2
5793,2
5794,2
5795,2
5796,2
5797,2
5798,2
5799,2
5800,2
5801,2
5802,2
5803,2
5804,2
5805,2
5806,2
5807,2
5808,2
5809,2
5810,2
5811,2
5812,2
5813,2
5814,2
5815,2
5816,2
5817,2
5818,2
5819,2
5820,2
5821,2
5822,2
5823,2
5824,2
5825,2
5826,2
5827,2
5828,2
5829,2
5830,2
5831,2
5832,2
5833,2
5834,2
5835,2
5836,2
5837,2
5838,2
5839,2
5840,2
5841,2
5842,2
5843,2
5844,2
5845,2
5846,2
5847,2
5848,2
5849,2
5850,2
5851,2
5852,2
5853,2
5854,2
5855,2
5856,2
5857,2
5858,2
5859,2
5860,2
5861,2
5862,2
5863,2
5864,2
5865,2
5866,2
5867,2
5868,2
5869,2
5870,2
5871,2
5872,2
5873,2
5874,2
5875,2
5876,2
5877,2
5878,2
5879,2
5880,2
5881,2
5882,2
5883,2
5884,2
5885,2
5886,2
5887,2
5888,2
5889,2
5890,2
5891,2
5892,2
5893,2
5894,2
5895,2
5896,2
5897,2
5898,2
5899,2
5900,2
5901,2
5902,2
5903,2
5904,2
5905,2
5906,2
5907,2
5908,2
5909,2
5910,2
5911,2
5912,2
5913,2
5914,2
5915,2
5916,2
5917,2
5918,2
5919,2
5920,2
5921,2
5922,2
5923,2
5924,2
5925,2
5926,2
5927,2
5928,2
5929,2
5930,2
5931,2
5932,2
5933,2
5934,2
5935,2
5936,2
5937,2
5938,2
5939,2
5940,2
5941,2
5942,2
5943,2
5944,2
5945,2
5946,2
5947,2
5948,2
5949,2
5950,2
5951,2
5952,2
5953,2
5954,2
5955,2
5956,2
5957,2
5958,2
5959,2
5960,2
5961,2
5962,2
5963,2
5964,2
5965,2
5966,2
5967,2
5968,2
5969,2
5970,2
5971,2
5972,2
5973,2
5974,2
5975,2
5976,2
5977,2
5978,2
5979,2
5980,2
5981,2
5982,2
5983,2
5984,2
5985,2
5986,2
5987,2
5988,2
5989,2
5990,2
5991,2
5992,2
5993,2
5994,2
5995,2
5996,2
5997,2
5998,2
5999,2
6000,2
6001,2
6002,2
6003,2
6004,2
6005,2
6006,2
6007,2
6008,2
6009,2
6010,2
6011,2
6012,2
6013,2
6014,2
6015,2
6016,2
6017,2
6018,2
6019,2
6020,2
6021,2
6022,2
6023,2
6024,2
6025,2
6026,2
6027,2
6028,2
6029,2
6030,2
6031,2
6032,2
6033,2
6034,2
6035,2
6036,2
6037,2
6038,2
6039,2
6040,2
6041,2
6042,2
6043,2
6044,2
6045,2
6046,2
6047,2
6048,2
6049,2
6050,2
6051,2
6052,2
6053,2
6054,2
6055,2
6056,2
6057,2
6058,2
6059,2
6060,2
6061,2
6062,2
6063,2
6064,2
6065,2
6066,2
6067,2
6068,2
6069,2
6070,2
6071,2
6072,2
6073,2
6074,2
6075,2
6076,2
6077,2
6078,2
6079,2
6080,2
6081,2
6082,2
6083,2
6084,2
6085,2
6086,2
6087,2
6088,2
6089,2
6090,2
6091,2
6092,2
6093,2
6094,2
6095,2
6096,2
6097,2
6098,2
6099,2
6100,2
6101,2
6102,2
6103,2
6104,2
6105,2
6106,2
6107,2
6108,2
6109,2
6110,2
6111,2
6112,2
6113,2
6114,2
6115,2
6116,2
6117,2
6118,2
6119,2
6120,2
6121,2
6122,2
6123,2
6124,2
6125,2
6126,2
6127,2
6128,2
6129,2
6130,2
6131,2
6132,2
6133,2
6134,2
6135,2
6136,2
6137,2
6138,2
6139,2
6140,2
6141,2
6142,2
6143,2
6144,2
6145,2
6146,2
6147,2
6148,2
6149,2
6150,2
6151,2
6152,2
6153,2
6154,2
6155,2
6156,2
6157,2
6158,2
6159,2
6160,2
6161,2
6162,2
6163,2
6164,2
6165,2
6166,2
6167,2
6168,2
6169,2
6170,2
6171,2
6172,2
6173,2
6174,2
6175,2
6176,2
6177,2
6178,2
6179,2
6180,2
6181,2
6182,2
6183,2
6184,2
6185,2
6186,2
6187,2
6188,2
6189,2
6190,2
6191,2
6192,2
6193,2
6194,2
6195,2
6196,2
6197,2
6198,2
6199,2
6200,2
6201,2
6202,2
6203,2
6204,2
6205,2
6206,2
6207,2
6208,2
6209,2
6210,2
6211,2
6212,2
6213,2
6214,2
6215,2
6216,2
6217,2
6218,2
6219,2
6220,2
6221,2
6222,2
6223,2
6224,2
6225,2
6226,2
6227,2
6228,2
6229,2
6230,2
6231,2
6232,2
6233,2
6234,2
6235,2
6236,2
6237,2
6238,2
6239,2
6240,2
6241,2
6242,2
6243,2
6244,2
6245,2
6246,2
6247,2
6248,2
6249,2
6250,2
6251,2
6252,2
6253,2
6254,2
6255,2
6256,2
6257,2
6258,2
6259,2
6260,2
6261,2
6262,2
6263,2
6264,2
6265,2
6266,2
6267,2
6268,2
6269,2
6270,2
6271,2
6272,2
6273,2
6274,2
6275,2
6276,2
6277,2
6278,2
6279,2
6280,2
6281,2
6282,2
6283,2
6284,2
6285,2
6286,2
6287,2
6288,2
6289,2
6290,2
6291,2
6292,2
6293,2
6294,2
6295,2
6296,2
6297,2
6298,2
6299,2
6300,2
6301,2
6302,2
6303,2
6304,2
6305,2
6306,2
6307,2
6308,2
6309,2
6310,2
6311,2
6312,2
6313,2
6314,2
6315,2
6316,2
6317,2
6318,2
6319,2
6320,2
6321,2
6322,2
6323,2
6324,2
6325,2
6326,2
6327,2
6328,2
6329,2
6330,2
6331,2
6332,2
6333,2
6334,2
6335,2
6336,2
6337,2
6338,2
6339,2
6340,2
6341,2
6342,2
6343,2
6344,2
6345,2
6346,2
6347,2
6348,2
6349,2
6350,2
6351,2
6352,2
6353,2
6354,2
6355,2
6356,2
6357,2
6358,2
6359,2
6360,2
6361,2
6362,2
6363,2
6364,2
6365,2
6366,2
6367,2
6368,2
6369,2
6370,2
6371,2
6372,2
6373,2
6374,2
6375,2
6376,2
6377,2
6378,2
6379,2
6380,2
6381,2
6382,2
6383,2
6384,2
6385,2
6386,2
6387,2
6388,2
6389,2
6390,2
6391,2
6392,2
6393,2
6394,2
6395,2
6396,2
6397,2
6398,2
6399,2
6400,2
6401,2
6402,2
6403,2
6404,2
6405,2
6406,2
6407,2
6408,2
6409,2
6410,2
6411,2
6412,2
6413,2
6414,2
6415,2
6416,2
6417,2
6418,2
6419,2
6420,2
6421,2
6422,2
6423,2
6424,2
6425,2
6426,2
6427,2
6428,2
6429,2
6430,2
6431,2
6432,2
6433,2
6434,2
6435,2
6436,2
6437,2
6438,2
6439,2
6440,2
6441,2
6442,2
6443,2
6444,2
6445,2
6446,2
6447,2
6448,2
6449,2
6450,2
6451,2
6452,2
6453,2
6454,2
6455,2
6456,2
6457,2
6458,2
6459,2
6460,2
6461,2
6462,2
6463,2
6464,2
6465,2
6466,2
6467,2
6468,2
6469,2
6470,2
6471,2
6472,2
6473,2
6474,2
6475,2
6476,2
6477,2
6478,2
6479,2
6480,2
6481,2
6482,2
6483,2
6484,2
6485,2
6486,2
6487,2
6488,2
6489,2
6490,2
6491,2
6492,2
6493,2
6494,2
6495,2
6496,2
6497,2
6498,2
6499,2
6500,2
6501,2
6502,2
6503,2
6504,2
6505,2
6506,2
6507,2
6508,2
6509,2
6510,2
6511,2
6512,2
6513,2
6514,2
6515,2
6516,2
6517,2
6518,2
6519,2
6520,2
6521,2
6522,2
6523,2
6524,2
6525,2
6526,2
6527,2
6528,2
6529,2
6530,2
6531,2
6532,2
6533,2
6534,2
6535,2
6536,2
6537,2
6538,2
6539,2
6540,2
6541,2
6542,2
6543,2
6544,2
6545,2
6546,2
6547,2
6548,2
6549,2
6550,2
6551,2
6552,2
6553,2
6554,2
6555,2
6556,2
6557,2
6558,2
6559,2
6560,2
6561,2
6562,2
6563,2
6564,2
6565,2
6566,2
6567,2
6568,2
6569,2
6570,2
6571,2
6572,2
6573,2
6574,2
6575,2
6576,2
6577,2
6578,2
6579,2
6580,2
6581,2
6582,2
6583,2
6584,2
6585,2
6586,2
6587,2
6588,2
6589,2
6590,2
6591,2
6592,2
6593,2
6594,2
6595,2
6596,2
6597,2
6598,2
6599,2
6600,2
6601,2
6602,2
6603,2
6604,2
6605,2
6606,2
6607,2
6608,2
6609,2
6610,2
6611,2
6612,2
6613,2
6614,2
6615,2
6616,2
6617,2
6618,2
6619,2
6620,2
6621,2
6622,2
6623,2
6624,2
6625,2
6626,2
6627,2
6628,2
6629,2
6630,2
6631,2
6632,2
6633,2
6634,2
6635,2
6636,2
6637,2
6638,2
6639,2
6640,2
6641,2
6642,2
6643,2
6644,2
6645,2
6646,2
6647,2
6648,2
6649,2
6650,2
6651,2
6652,2
6653,2
6654,2
6655,2
6656,2
6657,2
6658,2
6659,2
6660,2
6661,2
6662,2
6663,2
6664,2
6665,2
6666,2
6667,2
6668,2
6669,2
6670,2
6671,2
6672,2
6673,2
6674,2
6675,2
6676,2
6677,2
6678,2
6679,2
6680,2
6681,2
6682,2
6683,2
6684,2
6685,2
6686,2
6687,2
6688,2
6689,2
6690,2
6691,2
6692,2
6693,2
6694,2
6695,2
6696,2
6697,2
6698,2
6699,2
6700,2
6701,2
6702,2
6703,2
6704,2
6705,2
6706,2
6707,2
6708,2
6709,2
6710,2
6711,2
6712,2
6713,2
6714,2
6715,2
6716,2
6717,2
6718,2
6719,2
6720,2
6721,2
6722,2
6723,2
6724,2
6725,2
6726,2
6727,2
6728,2
6729,2
6730,2
6731,2
6732,2
6733,2
6734,2
6735,2
6736,2
6737,2
6738,2
6739,2
6740,2
6741,2
6742,2
6743,2
6744,2
6745,2
6746,2
6747,2
6748,2
6749,2
6750,2
6751,2
6752,2
6753,2
6754,2
6755,2
6756,2
6757,2
6758,2
6759,2
6760,2
6761,2
6762,2
6763,2
6764,2
6765,2
6766,2
6767,2
6768,2
6769,2
6770,2
6771,2
6772,2
6773,2
6774,2
6775,2
6776,2
6777,2
6778,2
6779,2
6780,2
6781,2
6782,2
6783,2
6784,2
6785,2
6786,2
6787,2
6788,2
6789,2
6790,2
6791,2
6792,2
6793,2
6794,2
6795,2
6796,2
6797,2
6798,2
6799,2
6800,2
6801,2
6802,2
6803,2
6804,2
6805,2
6806,2
6807,2
6808,2
6809,2
6810,2
6811,2
6812,2
6813,2
6814,2
6815,2
6816,2
6817,2
6818,2
6819,2
6820,2
6821,2
6822,2
6823,2
6824,2
6825,2
6826,2
6827,2
6828,2
6829,2
6830,2
6831,2
6832,2
6833,2
6834,2
6835,2
6836,2
6837,2
6838,2
6839,2
6840,2
6841,2
6842,2
6843,2
6844,2
6845,2
6846,2
6847,2
6848,2
6849,2
6850,2
6851,2
6852,2
6853,2
6854,2
6855,2
6856,2
6857,2
6858,2
6859,2
6860,2
6861,2
6862,2
6863,2
6864,2
6865,2
6866,2
6867,2
6868,2
6869,2
6870,2
6871,2
6872,2
6873,2
6874,2
6875,2
6876,2
6877,2
6878,2
6879,2
6880,2
6881,2
6882,2
6883,2
6884,2
6885,2
6886,2
6887,2
6888,2
6889,2
6890,2
6891,2
6892,2
6893,2
6894,2
6895,2
6896,2
6897,2
6898,2
6899,2
6900,2
6901,2
6902,2
6903,2
6904,2
6905,2
6906,2
6907,2
6908,2
6909,2
6910,2
6911,2
6912,2
6913,2
6914,2
6915,2
6916,2
6917,2
6918,2
6919,2
6920,2
6921,2
6922,2
6923,2
6924,2
6925,2
6926,2
6927,2
6928,2
6929,2
6930,2
6931,2
6932,2
6933,2
6934,2
6935,2
6936,2
6937,2
6938,2
6939,2
6940,2
6941,2
6942,2
6943,2
6944,2
6945,2
6946,2
6947,2
6948,2
6949,2
6950,2
6951,2
6952,2
6953,2
6954,2
6955,2
6956,2
6957,2
6958,2
6959,2
6960,2
6961,2
6962,2
6963,2
6964,2
6965,2
6966,2
6967,2
6968,2
6969,2
6970,2
6971,2
6972,2
6973,2
6974,2
6975,2
6976,2
6977,2
6978,2
6979,2
6980,2
6981,2
6982,2
6983,2
6984,2
6985,2
6986,2
6987,2
6988,2
6989,2
6990,2
6991,2
6992,2
6993,2
6994,2
6995,2
6996,2
6997,2
6998,2
6999,2
7000,2
7001,2
7002,2
7003,2
7004,2
7005,2
7006,2
7007,2
7008,2
7009,2
7010,2
7011,2
7012,2
7013,2
7014,2
7015,2
7016,2
7017,2
7018,2
7019,2
7020,2
7021,2
7022,2
7023,2
7024,2
7025,2
7026,2
7027,2
7028,2
7029,2
7030,2
7031,2
7032,2
7033,2
7034,2
7035,2
7036,2
7037,2
7038,2
7039,2
7040,2
7041,2
7042,2
7043,2
7044,2
7045,2
7046,2
7047,2
7048,2
7049,2
7050,2
7051,2
7052,2
7053,2
7054,2
7055,2
7056,2
7057,2
7058,2
7059,2
7060,2
7061,2
7062,2
7063,2
7064,2
7065,2
7066,2
7067,2
7068,2
7069,2
7070,2
7071,2
7072,2
7073,2
7074,2
7075,2
7076,2
7077,2
7078,2
7079,2
7080,2
7081,2
7082,2
7083,2
7084,2
7085,2
7086,2
7087,2
7088,2
7089,2
7090,2
7091,2
7092,2
7093,2
7094,2
7095,2
7096,2
7097,2
7098,2
7099,2
7100,2
7101,2
7102,2
7103,2
7104,2
7105,2
7106,2
7107,2
7108,2
7109,2
7110,2
7111,2
7112,2
7113,2
7114,2
7115,2
7116,2
7117,2
7118,2
7119,2
7120,2
7121,2
7122,2
7123,2
7124,2
7125,2
7126,2
7127,2
7128,2
7129,2
7130,2
7131,2
7132,2
7133,2
7134,2
7135,2
7136,2
7137,2
7138,2
7139,2
7140,2
7141,2
7142,2
7143,2
7144,2
7145,2
7146,2
7147,2
7148,2
7149,2
7150,2
7151,2
7152,2
7153,2
7154,2
7155,2
7156,2
7157,2
7158,2
7159,2
7160,2
7161,2
7162,2
7163,2
7164,2
7165,2
7166,2
7167,2
7168,2
7169,2
7170,2
7171,2
7172,2
7173,2
7174,2
7175,2
7176,2
7177,2
7178,2
7179,2
7180,2
7181,2
7182,2
7183,2
7184,2
7185,2
7186,2
7187,2
7188,2
7189,2
7190,2
7191,2
7192,2
7193,2
7194,2
7195,2
7196,2
7197,2
7198,2
7199,2
7200,2
7201,2
7202,2
7203,2
7204,2
7205,2
7206,2
7207,2
7208,2
7209,2
7210,2
7211,2
7212,2
7213,2
7214,2
7215,2
7216,2
7217,2
7218,2
7219,2
7220,2
7221,2
7222,2
7223,2
7224,2
7225,2
7226,2
7227,2
7228,2
7229,2
7230,2
7231,2
7232,2
7233,2
7234,2
7235,2
7236,2
7237,2
7238,2
7239,2
7240,2
7241,2
7242,2
7243,2
7244,2
7245,2
7246,2
7247,2
7248,2
7249,2
7250,2
7251,2
7252,2
7253,2
7254,2
7255,2
7256,2
7257,2
7258,2
7259,2
7260,2
7261,2
7262,2
7263,2
7264,2
7265,2
7266,2
7267,2
7268,2
7269,2
7270,2
7271,2
7272,2
7273,2
7274,2
7275,2
7276,2
7277,2
7278,2
7279,2
7280,2
7281,2
7282,2
7283,2
7284,2
7285,2
7286,2
7287,2
7288,2
7289,2
7290,2
7291,2
7292,2
7293,2
7294,2
7295,2
7296,2
7297,2
7298,2
7299,2
7300,2
7301,2
7302,2
7303,2
7304,2
7305,2
7306,2
7307,2
7308,2
7309,2
7310,2
7311,2
7312,2
7313,2
7314,2
7315,2
7316,2
7317,2
7318,2
7319,2
7320,2
7321,2
7322,2
7323,2
7324,2
7325,2
7326,2
7327,2
7328,2
7329,2
7330,2
7331,2
7332,2
7333,2
7334,2
7335,2
7336,2
7337,2
7338,2
7339,2
7340,2
7341,2
7342,2
7343,2
7344,2
7345,2
7346,2
7347,2
7348,2
7349,2
7350,2
7351,2
7352,2
7353,2
7354,2
7355,2
7356,2
7357,2
7358,2
7359,2
7360,2
7361,2
7362,2
7363,2
7364,2
7365,2
7366,2
7367,2
7368,2
7369,2
7370,2
7371,2
7372,2
7373,2
7374,2
7375,2
7376,2
7377,2
7378,2
7379,2
7380,2
7381,2
7382,2
7383,2
7384,2
7385,2
7386,2
7387,2
7388,2
7389,2
7390,2
7391,2
7392,2
7393,2
7394,2
7395,2
7396,2
7397,2
7398,2
7399,2
7400,2
7401,2
7402,2
7403,2
7404,2
7405,2
7406,2
7407,2
7408,2
7409,2
7410,2
7411,2
7412,2
7413,2
7414,2
7415,2
7416,2
7417,2
7418,2
7419,2
7420,2
7421,2
7422,2
7423,2
7424,2
7425,2
7426,2
7427,2
7428,2
7429,2
7430,2
7431,2
7432,2
7433,2
7434,2
7435,2
7436,2
7437,2
7438,2
7439,2
7440,2
7441,2
7442,2
7443,2
7444,2
7445,2
7446,2
7447,2
7448,2
7449,2
7450,2
7451,2
7452,2
7453,2
7454,2
7455,2
7456,2
7457,2
7458,2
7459,2
7460,2
7461,2
7462,2
7463,2
7464,2
7465,2
7466,2
7467,2
7468,2
7469,2
7470,2
7471,2
7472,2
7473,2
7474,2
7475,2
7476,2
7477,2
7478,2
7479,2
7480,2
7481,2
7482,2
7483,2
7484,2
7485,2
7486,2
7487,2
7488,2
7489,2
7490,2
7491,2
7492,2
7493,2
7494,2
7495,2
7496,2
7497,2
7498,2
7499,2
7500,2
7501,2
7502,2
7503,2
7504,2
7505,2
7506,2
7507,2
7508,2
7509,2
7510,2
7511,2
7512,2
7513,2
7514,2
7515,2
7516,2
7517,2
7518,2
7519,2
7520,2
7521,2
7522,2
7523,2
7524,2
7525,2
7526,2
7527,2
7528,2
7529,2
7530,2
7531,2
7532,2
7533,2
7534,2
7535,2
7536,2
7537,2
7538,2
7539,2
7540,2
7541,2
7542,2
7543,2
7544,2
7545,2
7546,2
7547,2
7548,2
7549,2
7550,2
7551,2
7552,2
7553,2
7554,2
7555,2
7556,2
7557,2
7558,2
7559,2
7560,2
7561,2
7562,2
7563,2
7564,2
7565,2
7566,2
7567,2
7568,2
7569,2
7570,2
7571,2
7572,2
7573,2
7574,2
7575,2
7576,2
7577,2
7578,2
7579,2
7580,2
7581,2
7582,2
7583,2
7584,2
7585,2
7586,2
7587,2
7588,2
7589,2
7590,2
7591,2
7592,2
7593,2
7594,2
7595,2
7596,2
7597,2
7598,2
7599,2
7600,2
7601,2
7602,2
7603,2
7604,2
7605,2
7606,2
7607,2
7608,2
7609,2
7610,2
7611,2
7612,2
7613,2
7614,2
7615,2
7616,2
7617,2
7618,2
7619,2
7620,2
7621,2
7622,2
7623,2
7624,2
7625,2
7626,2
7627,2
7628,2
7629,2
7630,2
7631,2
7632,2
7633,2
7634,2
7635,2
7636,2
7637,2
7638,2
7639,2
7640,2
7641,2
7642,2
7643,2
7644,2
7645,2
7646,2
7647,2
7648,2
7649,2
7650,2
7651,2
7652,2
7653,2
7654,2
7655,2
7656,2
7657,2
7658,2
7659,2
7660,2
7661,2
7662,2
7663,2
7664,2
7665,2
7666,2
7667,2
7668,2
7669,2
7670,2
7671,2
7672,2
7673,2
7674,2
7675,2
7676,2
7677,2
7678,2
7679,2
7680,2
7681,2
7682,2
7683,2
7684,2
7685,2
7686,2
7687,2
7688,2
7689,2
7690,2
7691,2
7692,2
7693,2
7694,2
7695,2
7696,2
7697,2
7698,2
7699,2
7700,2
7701,2
7702,2
7703,2
7704,2
7705,2
7706,2
7707,2
7708,2
7709,2
7710,2
7711,2
7712,2
7713,2
7714,2
7715,2
7716,2
7717,2
7718,2
7719,2
7720,2
7721,2
7722,2
7723,2
7724,2
7725,2
7726,2
7727,2
7728,2
7729,2
7730,2
7731,2
7732,2
7733,2
7734,2
7735,2
7736,2
7737,2
7738,2
7739,2
7740,2
7741,2
7742,2
7743,2
7744,2
7745,2
7746,2
7747,2
7748,2
7749,2
7750,2
7751,2
7752,2
7753,2
7754,2
7755,2
7756,2
7757,2
7758,2
7759,2
7760,2
7761,2
7762,2
7763,2
7764,2
7765,2
7766,2
7767,2
7768,2
7769,2
7770,2
7771,2
7772,2
7773,2
7774,2
7775,2
7776,2
7777,2
7778,2
7779,2
7780,2
7781,2
7782,2
7783,2
7784,2
7785,2
7786,2
7787,2
7788,2
7789,2
7790,2
7791,2
7792,2
7793,2
7794,2
7795,2
7796,2
7797,2
7798,2
7799,2
7800,2
7801,2
7802,2
7803,2
7804,2
7805,2
7806,2
7807,2
7808,2
7809,2
7810,2
7811,2
7812,2
7813,2
7814,2
7815,2
7816,2
7817,2
7818,2
7819,2
7820,2
7821,2
7822,2
7823,2
7824,2
7825,2
7826,2
7827,2
7828,2
7829,2
7830,2
7831,2
7832,2
7833,2
7834,2
7835,2
7836,2
7837,2
7838,2
7839,2
7840,2
7841,2
7842,2
7843,2
7844,2
7845,2
7846,2
7847,1
7848,1
7849,1
7850,1
7851,1
7852,1
7853,1
7854,1
7855,1
7856,1
7857,1
7858,1
7859,1
7860,1
7861,1
7862,1
7863,1
7864,1
7865,1
7866,1
7867,1
7868,1
7869,1
7870,1
7871,1
7872,1
7873,1
7874,1
7875,1
7876,1
7877,1
7878,1
7879,1
7880,1
7881,1
7882,1
7883,1
7884,1
7885,1
7886,1
7887,1
7888,1
7889,1
7890,1
7891,1
7892,1
7893,1
7894,1
7895,1
7896,1
7897,1
7898,1
7899,1
7900,1
7901,1
7902,1
7903,1
7904,1
7905,1
7906,1
7907,1
7908,1
7909,1
7910,1
7911,1
7912,1
7913,1
7914,1
7915,1
7916,1
7917,1
7918,1
7919,1
7920,1
7921,1
7922,1
7923,1
7924,1
7925,1
7926,1
7927,1
7928,1
7929,1
7930,1
7931,1
7932,1
7933,1
7934,1
7935,1
7936,1
7937,1
7938,1
7939,1
7940,1
7941,1
7942,1
7943,1
7944,1
7945,1
7946,1
7947,1
7948,1
7949,1
7950,1
7951,1
7952,1
7953,1
7954,1
7955,1
7956,1
7957,1
7958,1
7959,1
7960,1
7961,1
7962,1
7963,1
7964,1
7965,1
7966,1
7967,1
7968,1
7969,1
7970,1
7971,1
7972,1
7973,1
7974,1
7975,1
7976,1
7977,1
7978,1
7979,1
7980,1
7981,1
7982,1
7983,1
7984,1
7985,1
7986,1
7987,1
7988,1
7989,1
7990,1
7991,1
7992,1
7993,1
7994,1
7995,1
7996,1
7997,1
7998,1
7999,1
8000,1
8001,1
8002,1
8003,1
8004,1
8005,1
8006,1
8007,1
8008,1
8009,1
8010,1
8011,1
8012,1
8013,1
8014,1
8015,1
8016,1
8017,1
8018,1
8019,1
8020,1
8021,1
8022,1
8023,1
8024,1
8025,1
8026,1
8027,1
8028,1
8029,1
8030,1
8031,1
8032,1
8033,1
8034,1
8035,1
8036,1
8037,1
8038,1
8039,1
8040,1
8041,1
8042,1
8043,1
8044,1
8045,1
8046,1
8047,1
8048,1
8049,1
8050,1
8051,1
8052,1
8053,1
8054,1
8055,1
8056,1
8057,1
8058,1
8059,1
8060,1
8061,1
8062,1
8063,1
8064,1
8065,1
8066,1
8067,1
8068,1
8069,1
8070,1
8071,1
8072,1
8073,1
8074,1
8075,1
8076,1
8077,1
8078,1
8079,1
8080,1
8081,1
8082,1
8083,1
8084,1
8085,1
8086,1
8087,1
8088,1
8089,1
8090,1
8091,1
8092,1
8093,1
8094,1
8095,1
8096,1
8097,1
8098,1
8099,1
8100,1
8101,1
8102,1
8103,1
8104,1
8105,1
8106,1
8107,1
8108,1
8109,1
8110,1
8111,1
8112,1
8113,1
8114,1
8115,1
8116,1
8117,1
8118,1
8119,1
8120,1
8121,1
8122,1
8123,1
8124,1
8125,1
8126,1
8127,1
8128,1
8129,1
8130,1
8131,1
8132,1
8133,1
8134,1
8135,1
8136,1
8137,1
8138,1
8139,1
8140,1
8141,1
8142,1
8143,1
8144,1
8145,1
8146,1
8147,1
8148,1
8149,1
8150,1
8151,1
8152,1
8153,1
8154,1
8155,1
8156,1
